"Node_ori" "Node_dest" "distance"
0 0 0
1 0 408.10002407649
2 0 168.85623088524
3 0 231.609573768713
4 0 177.72774698734
5 0 284.681716626341
6 0 159.954390501915
7 0 395.755630586024
8 0 459.263132476127
9 0 261.682151073276
10 0 406.224544150616
11 0 291.663236792195
12 0 280.592642897735
13 0 543.566293087401
14 0 238.568633258056
15 0 403.739346655257
16 0 464.032278981783
17 0 239.572900297011
18 0 284.67361756397
19 0 149.896068354218
20 0 671.116724763603
21 0 255.076349976025
22 0 375.134575007981
23 0 148.669657974827
24 0 154.587480213659
25 0 469.254151610834
26 0 394.565220574525
27 0 755.914870701691
28 0 245.768215610402
29 0 450.792299835718
30 0 468.970427807527
31 0 464.731733874757
32 0 315.671326234027
33 0 576.286862156923
34 0 295.918199929729
35 0 379.956368450821
36 0 85.4998571177488
37 0 77.5861129928783
38 0 540.254718759059
39 0 353.073743722123
40 0 97.3072054364168
41 0 161.556686791491
42 0 550.718021780351
43 0 308.736806133401
44 0 332.004729692239
45 0 424.192158779159
46 0 223.971350870327
47 0 471.466798833672
48 0 603.376572389942
49 0 331.543773482666
50 0 225.705796421566
51 0 507.606686832956
52 0 306.48773719543
53 0 326.107085326536
54 0 644.13195003989
55 0 343.08758888786
56 0 184.062168938485
57 0 506.195428764826
58 0 431.017103622464
59 0 485.359517344996
60 0 534.650740599887
61 0 172.104244349566
62 0 564.206451555084
63 0 521.299720058508
64 0 444.794797917934
65 0 332.750335694032
66 0 240.796222216069
67 0 58.2771330258917
68 0 180.989438368016
69 0 80.9533519169965
70 0 443.760051222348
71 0 89.7934334201998
72 0 73.1640333557941
73 0 381.892645165723
74 0 513.955132075266
75 0 339.489966170858
76 0 404.656790255397
77 0 435.248868827015
78 0 483.870379501928
79 0 358.283908076235
80 0 393.84349918231
81 0 302.561821450796
82 0 230.650211469698
83 0 508.59493467876
84 0 382.952954225979
85 0 317.807157302294
86 0 250.129251958385
87 0 236.677380210113
88 0 209.680547540508
89 0 359.050397450965
90 0 384.541362522961
91 0 381.381707214292
92 0 370.350045670464
93 0 409.663539713586
0 1 408.10002407649
1 1 0
2 1 356.130387571972
3 1 639.571262461575
4 1 585.782085601631
5 1 689.600914297262
6 1 534.162664092712
7 1 81.6069456850375
8 1 747.070382856371
9 1 146.442818857023
10 1 720.283139164825
11 1 587.328616427499
12 1 678.059747609781
13 1 285.110016886109
14 1 505.231912874189
15 1 496.976970751984
16 1 522.919584155477
17 1 289.435627243574
18 1 487.617276490826
19 1 258.457275416006
20 1 479.161189696781
21 1 399.79097882072
22 1 540.235180637183
23 1 332.01493450887
24 1 552.255622263584
25 1 188.485275399516
26 1 200.289360328275
27 1 576.378511308779
28 1 615.918752576427
29 1 714.223502482174
30 1 694.772624499215
31 1 601.383952374779
32 1 662.484004166029
33 1 405.958312342772
34 1 339.206695361238
35 1 330.750967279829
36 1 492.357971369232
37 1 349.63433813337
38 1 715.431001105855
39 1 266.685326928894
40 1 427.882608591674
41 1 490.333122424714
42 1 454.206839536168
43 1 195.983059302351
44 1 564.70155620837
45 1 617.987187159657
46 1 556.074003495775
47 1 383.983743337248
48 1 356.47782350041
49 1 80.7233601858761
50 1 203.211770807208
51 1 344.275504424877
52 1 209.423865475006
53 1 146.679046893736
54 1 500.608132221245
55 1 230.467235268823
56 1 267.218060769397
57 1 98.9789782923888
58 1 81.6959844100153
59 1 268.837054278204
60 1 132.447349773833
61 1 425.206941342716
62 1 762.066336847118
63 1 756.599636208982
64 1 774.858802361789
65 1 307.724974292699
66 1 336.380250732901
67 1 417.94149130258
68 1 285.243071466132
69 1 335.698106480566
70 1 293.83171770457
71 1 488.214906106997
72 1 438.496183340616
73 1 115.151820957912
74 1 183.792568856253
75 1 108.499271887459
76 1 144.965959762343
77 1 442.125694255785
78 1 97.5219741910462
79 1 647.499994516943
80 1 634.518155996847
81 1 709.957088961336
82 1 627.692694283526
83 1 478.181628390525
84 1 400.935498953107
85 1 440.860921709187
86 1 250.733771226823
87 1 189.024139594189
88 1 329.041464915877
89 1 144.292947969736
90 1 121.138717970254
91 1 105.099880599943
92 1 115.521501933788
93 1 113.263890674808
0 2 168.85623088524
1 2 356.130387571972
2 2 0
3 2 343.330045419616
4 2 301.994269785302
5 2 415.197451987848
6 2 200.779116632209
7 2 378.82579728981
8 2 397.970211869349
9 2 229.375140157898
10 2 365.408643973856
11 2 232.325189237811
12 2 349.702976216799
13 2 405.051926337937
14 2 151.264648578247
15 2 244.804446275934
16 2 301.966932040473
17 2 90.4428207760503
18 2 155.214933950129
19 2 167.298160273466
20 2 510.184945730368
21 2 92.836975960357
22 2 236.983825213471
23 2 260.500307535424
24 2 238.405964557487
25 2 349.03241482015
26 2 265.618671657835
27 2 591.331733405972
28 2 270.617222849225
29 2 371.792320576078
30 2 367.424915603477
31 2 322.622415040851
32 2 307.875500519204
33 2 416.038694781415
34 2 128.837701401932
35 2 216.451843023333
36 2 212.555332940378
37 2 195.069697441339
38 2 417.15760575394
39 2 202.984817105214
40 2 104.822937490839
41 2 142.174307411012
42 2 383.278458134943
43 2 190.206565417936
44 2 226.147795111647
45 2 303.177168298564
46 2 202.333084334963
47 2 305.941013764196
48 2 456.492187767857
49 2 299.854079902247
50 2 250.433169577963
51 2 350.715517932417
52 2 350.831092421076
53 2 338.886346368321
54 2 478.265275634298
55 2 394.645771057217
56 2 91.0785072690569
57 2 452.170619703678
58 2 346.311073401772
59 2 342.958832091439
60 2 460.604161890889
61 2 69.1973736717314
62 2 452.335670144429
63 2 427.344546879002
64 2 418.96897631343
65 2 417.335220020458
66 2 349.181553121745
67 2 125.941050053725
68 2 262.884869375855
69 2 114.32116035139
70 2 291.227742885216
71 2 250.256583998972
72 2 241.289642253537
73 2 285.598464374459
74 2 403.142562355047
75 2 257.097786388416
76 2 295.342219652663
77 2 266.730068701854
78 2 403.647948144773
79 2 295.308153442502
80 2 297.300795571952
81 2 403.004905083381
82 2 302.937374606714
83 2 339.818570332228
84 2 214.108211721528
85 2 158.315582083137
86 2 315.678352011964
87 2 169.140080574347
88 2 317.647365920814
89 2 253.783784778013
90 2 285.504109753831
91 2 289.337524499734
92 2 275.626934136591
93 2 312.226870472022
0 3 231.609573768713
1 3 639.571262461575
2 3 343.330045419616
3 3 0
4 3 55.7422431341307
5 3 80.8235191374177
6 3 155.327331039208
7 3 625.542673999442
8 3 392.285347291884
9 3 493.1285203957
10 3 325.034517341972
11 3 283.417841022386
12 3 93.7050676961575
13 3 747.851854210714
14 3 296.22074586879
15 3 505.415276285843
16 3 566.829711720586
17 3 432.586747416476
18 3 366.675216363795
19 3 381.505228636781
20 3 844.908796690603
21 3 393.111793179192
22 3 442.079727140416
23 3 349.949204152254
24 3 106.259518417336
25 3 684.971216165728
26 3 604.500785250249
27 3 918.304138729825
28 3 156.20383100932
29 3 410.757342661884
30 3 457.902302600216
31 3 521.428219067351
32 3 224.987846557919
33 3 752.793459754888
34 3 463.823472792772
35 3 553.514039788812
36 3 147.511801903583
37 3 298.555961420612
38 3 551.48780182537
39 3 546.314297939385
40 3 239.06200131186
41 3 222.730473912866
42 3 705.100385103455
43 3 522.277737376042
44 3 365.091159447291
45 3 452.580323564285
46 3 217.80693742919
47 3 636.601282941459
48 3 799.639214172843
49 3 563.105820466962
50 3 453.65602028884
51 3 691.097044530764
52 3 522.921790445898
53 3 551.955750678598
54 3 803.610241972907
55 3 553.395133464181
56 3 398.465738779223
57 3 737.788971413471
58 3 658.622216789893
59 3 686.11900074085
60 3 764.955997047117
61 3 297.50962435133
62 3 553.34722222253
63 3 489.014278294894
64 3 332.807818504619
65 3 522.254517624517
66 3 422.734723604754
67 3 230.629234422707
68 3 394.260668802047
69 3 306.248238327899
70 3 633.932078050125
71 3 162.625760742202
72 3 220.934410990978
73 3 605.741535798992
74 3 734.488178147257
75 3 566.09813530118
76 3 624.401894278648
77 3 571.076215902926
78 3 712.896081196239
79 3 323.863415481688
80 3 393.75785815192
81 3 72.0237731554777
82 3 79.2743673945086
83 3 643.84319981432
84 3 529.053392433347
85 3 435.797984279975
86 3 461.900531401776
87 3 463.014433512271
88 3 398.642934752774
89 3 579.440275585622
90 3 607.590510249418
91 3 606.43924851716
92 3 594.439049352346
93 3 633.649338362672
0 4 177.72774698734
1 4 585.782085601631
2 4 301.994269785302
3 4 55.7422431341307
4 4 0
5 4 113.386559896457
6 4 132.926711787751
7 4 570.288704636338
8 4 409.402450754994
9 4 439.391019679015
10 4 343.843342390197
11 4 280.261374844389
12 4 133.734519133225
13 4 703.864979789421
14 4 277.277961326386
15 4 483.921021240276
16 4 546.11317971541
17 4 389.348555810006
18 4 345.795987604921
19 4 327.404574162625
20 4 809.324920620815
21 4 360.778428997713
22 4 427.225175158126
23 4 294.482985364635
24 4 79.000169238292
25 4 637.546093518434
26 4 558.472078230396
27 4 885.921381214219
28 4 164.801132784734
29 4 421.390223511563
30 4 462.418539676137
31 4 510.821160597698
32 4 241.38980430355
33 4 716.110423504382
34 4 426.586686075483
35 4 516.139943113617
36 4 95.9370231868431
37 4 243.016241791354
38 4 552.390403510217
39 4 504.20004216037
40 4 197.24551051739
41 4 195.756922881629
42 4 673.60495363975
43 4 474.916322537666
44 4 355.742925038675
45 4 447.241368743976
46 4 208.108742303681
47 4 601.983110759263
48 4 758.000859953269
49 4 508.729200121041
50 4 398.238802194618
51 4 652.333408202329
52 4 467.252770221193
53 4 496.308070407432
54 4 771.456811161651
55 4 498.013266284098
56 4 350.051680281343
57 4 683.71518345753
58 4 607.129976701604
59 4 642.878030336913
60 4 712.164659558711
61 4 263.670483718797
62 4 559.681781567853
63 4 499.505263483018
64 4 360.337306125907
65 4 468.358921144058
66 4 368.927052628667
67 4 182.974434134277
68 4 338.56366173868
69 4 254.467035312651
70 4 593.167265552687
71 4 107.097534929442
72 4 165.529357293087
73 4 555.588893808324
74 4 685.648930451332
75 4 514.903005476989
76 4 575.612811675798
77 4 542.703518782919
78 4 660.793876793443
79 4 329.941696925028
80 4 393.713641715508
81 4 127.753177533162
82 4 98.8074552805588
83 4 616.425382496018
84 4 497.735355447507
85 4 409.041168065235
86 4 406.329382002718
87 4 411.723929020091
88 4 344.115923302898
89 4 530.343348112259
90 4 557.709777984359
91 4 555.867708608087
92 4 544.185058059228
93 4 583.494845921711
0 5 284.681716626341
1 5 689.600914297262
2 5 415.197451987848
3 5 80.8235191374177
4 5 113.386559896457
5 5 0
6 5 234.865556364564
7 5 667.491692337603
8 5 460.847299957332
9 5 543.993237851343
10 5 393.246262969627
11 5 362.858507555823
12 5 154.250497212158
13 5 817.159741289408
14 5 376.881206593443
15 5 586.003808163548
16 5 647.518685708877
17 5 502.734990394923
18 5 447.228506754568
19 5 431.728909575241
20 5 921.174986171394
21 5 470.672959387383
22 5 522.863486351876
23 5 379.848727354431
24 5 183.523820739681
25 5 749.808810505113
26 5 671.369916777392
27 5 996.237841300195
28 5 233.864372659755
29 5 483.538576035231
30 5 533.652492714886
31 5 601.739912484358
32 5 296.999771819376
33 5 828.356331305451
34 5 538.853573041697
35 5 628.528235979419
36 5 207.816613339403
37 5 341.038920555306
38 5 628.474794124652
39 5 617.565922439499
40 5 310.384933225403
41 5 301.655845632669
42 5 783.325411490641
43 5 587.367383401274
44 5 445.431714094453
45 5 531.926937675202
46 5 298.515471729561
47 5 713.313554909806
48 5 871.36209166966
49 5 610.875128121757
50 5 495.273749590539
51 5 765.204296062911
52 5 553.430421641056
53 5 589.560803906632
54 5 881.603616872195
55 5 579.236754880085
56 5 462.173444411591
57 5 786.313776294229
58 5 715.694143728578
59 5 756.247381665414
60 5 818.187005971835
61 5 374.144992586357
62 5 627.740102312266
63 5 561.31984471133
64 5 392.904036697632
65 5 538.007282008693
66 5 439.676629564681
67 5 295.947218766927
68 5 427.179228806295
69 5 364.07731183995
70 5 706.418328089693
71 5 201.484040074851
72 5 254.684007396836
73 5 665.90723005563
74 5 796.964347574514
75 5 624.094001644792
76 5 687.089750841649
77 5 650.321251181128
78 5 768.266961422078
79 5 399.820116569463
80 5 471.703578123743
81 5 85.1694122308658
82 5 156.792420387895
83 5 723.41141613284
84 5 607.222731127249
85 5 515.359975509378
86 5 491.261320755826
87 5 521.107875032139
88 5 420.001503014263
89 5 641.652207398768
90 5 668.294419807783
91 5 665.731702173418
92 5 654.419695047194
93 5 693.762001324405
0 6 159.954390501915
1 6 534.162664092712
2 6 200.779116632209
3 6 155.327331039208
4 6 132.926711787751
5 6 234.865556364564
6 6 0
7 6 537.108522238946
8 6 309.49584502697
9 6 391.58739779318
10 6 251.194158547531
11 6 156.256185322717
12 6 149.215206811728
13 6 604.111135085535
14 6 144.435140634524
15 6 352.208991892178
16 6 414.168922216995
17 6 291.132915888381
18 6 213.597824852933
19 6 289.494141362487
20 6 691.252855744622
21 6 238.882401685706
22 6 294.339337134589
23 6 308.29248034057
24 6 53.9296008927919
25 6 549.605904807963
26 6 466.393928697571
27 6 763.307471809698
28 6 86.8671779927658
29 6 310.063484257623
30 6 341.83269975664
31 6 378.617230868686
32 6 156.303972181076
33 6 599.997492024664
34 6 312.756399468438
35 6 401.957510216961
36 6 100.683335341596
37 6 237.144533594394
38 6 426.934511883669
39 6 400.894337693323
40 6 106.597238817184
41 6 67.6860618132802
42 6 550.004212789974
43 6 389.143486740362
44 6 224.774490577322
45 6 317.837927571043
46 6 81.1467623824152
47 6 482.739374291294
48 6 651.861632994604
49 6 464.984753228338
50 6 374.964788682491
51 6 540.281770747813
52 6 463.119952898597
53 6 475.703590264866
54 6 648.608479821845
55 6 501.364208012362
56 6 272.825602454197
57 6 632.978696368148
58 6 538.5889188729
59 6 541.426403881939
60 6 650.443694633082
61 6 145.504616356614
62 6 439.736505828937
63 6 385.895970026948
64 6 285.780641004665
65 6 492.520587564751
66 6 398.960889659153
67 6 121.108456682186
68 6 340.234985635874
69 6 204.189142235038
70 6 485.755436396573
71 6 160.405132148755
72 6 201.581649619559
73 6 480.673270964747
74 6 602.886779062187
75 6 446.448292712669
76 6 493.986186032484
77 6 415.75685088547
78 6 595.148168757662
79 6 215.63047097805
80 6 269.483869466757
81 6 205.423206675702
82 6 102.323602964742
83 6 488.62651588046
84 6 374.066122213482
85 6 280.561887679761
86 6 408.895605713464
87 6 346.982592730892
88 6 368.542511108309
89 6 450.842822077365
90 6 481.407137272319
91 6 483.107975048497
92 6 469.996934493183
93 6 508.108840395358
0 7 395.755630586024
1 7 81.6069456850375
2 7 378.82579728981
3 7 625.542673999442
4 7 570.288704636338
5 7 667.491692337603
6 7 537.108522238946
7 7 0
8 7 776.450486228508
9 7 149.998162277361
10 7 743.377043060521
11 7 610.601345414135
12 7 674.329357406805
13 7 366.653089835589
14 7 530.082668185654
15 7 550.455313230348
16 7 582.44984255232
17 7 327.486668486031
18 7 522.809327338401
19 7 248.731290375023
20 7 560.334825747837
21 7 437.443649247728
22 7 584.781099253597
23 7 293.722780189801
24 7 547.369675158919
25 7 269.588298104722
26 7 272.6291959342
27 7 657.659713783845
28 7 622.193074144201
29 7 747.757423757527
30 7 734.721904027935
31 7 652.831204173952
32 7 676.335425667747
33 7 485.472934388773
34 7 387.722811347314
35 7 393.927269346443
36 7 481.248965787388
37 7 327.68557633866
38 7 764.271653930835
39 7 328.935766927244
40 7 433.750897468891
41 7 501.94116519704
42 7 529.197359634917
43 7 249.355507679773
44 7 598.96200833947
45 7 661.046180578356
46 7 570.307227976641
47 7 455.632763413474
48 7 438.083423982199
49 7 79.9247526446493
50 7 172.410565724112
51 7 421.895173263451
52 7 143.132048711731
53 7 84.6172951510888
54 7 579.920598551616
55 7 155.178778230383
56 7 287.785029934761
57 7 134.5686771793
58 7 163.224690030362
59 7 348.237957541752
60 7 190.600154104034
61 7 445.762239393225
62 7 808.313476029573
63 7 796.31953589364
64 7 795.118227797923
65 7 234.336466690577
66 7 278.212251828019
67 7 416.760005397758
68 7 245.111587450373
69 7 333.117341349672
70 7 367.952189459352
71 7 467.167953726285
72 7 412.870956550976
73 7 187.628620217033
74 7 264.398795961609
75 7 165.337414386876
76 7 221.222629681189
77 7 504.930833339281
78 7 172.051223911973
79 7 674.129913307888
80 7 670.048589630761
81 7 697.257197921782
82 7 623.863780555919
83 7 547.145138519893
84 7 459.664429505916
85 7 486.114577684103
86 7 195.616330511637
87 7 211.241781086615
88 7 277.212226041324
89 7 210.659056290316
90 7 194.176008155085
91 7 177.516030596587
92 7 184.821704423563
93 7 191.518537939233
0 8 459.263132476127
1 8 747.070382856371
2 8 397.970211869349
3 8 392.285347291884
4 8 409.402450754994
5 8 460.847299957332
6 8 309.49584502697
7 8 776.450486228508
8 8 0
9 8 627.326291650211
10 8 67.6034384847927
11 8 171.553570439099
12 8 306.633145781818
13 8 698.461813578795
14 8 247.330169758401
15 8 322.491649511749
16 8 356.377555544083
17 8 458.132854228243
18 8 261.465105439008
19 8 552.542516056197
20 8 699.059852159934
21 8 349.558098290211
22 8 241.691319221228
23 8 605.71300193961
24 8 347.075419116259
25 8 686.100067553206
26 8 605.228141043892
27 8 736.882926079947
28 8 244.981919447204
29 8 51.3364601184533
30 8 115.395631556204
31 8 254.201360804203
32 8 168.34387088921
33 8 629.940086224071
34 8 423.215494954341
35 8 481.64395346217
36 8 410.08468703363
37 8 531.18869310964
38 8 205.193014446358
39 8 520.945485265467
40 8 372.247737612748
41 8 299.880865777033
42 8 545.531395043217
43 8 559.043025833352
44 8 185.310336218063
45 8 178.849639881847
46 8 235.455851531997
47 8 517.969444127011
48 8 717.560575579371
49 8 697.032928942475
50 8 640.726790149921
51 8 598.523831556702
52 8 738.781401620146
53 8 734.822122814231
54 8 633.75834884057
55 8 781.004129066866
56 8 488.782675441416
57 8 838.395521528055
58 8 720.757073940018
59 8 639.321368635487
60 8 834.56338458395
61 8 333.481618806166
62 8 181.751914274934
63 8 108.334104805899
64 8 93.4462512067138
65 8 786.762262332072
66 8 699.290335705577
67 8 406.316073027899
68 8 628.811933395109
69 8 473.147284293541
70 8 572.65683573616
71 8 469.040794110203
72 8 510.418081334942
73 8 657.650766367801
74 8 745.792459077456
75 8 641.322345668698
76 8 654.215428964893
77 8 417.96337566418
78 8 776.786790335045
79 8 104.235577385013
80 8 123.925015372124
81 8 383.302186197074
82 8 315.048348097568
83 8 464.011753152858
84 8 413.56784112641
85 8 325.843739863623
86 8 693.230544529932
87 8 565.575948596719
88 8 667.602556193875
89 8 622.81595931489
90 8 655.357094689578
91 8 664.153907652873
92 8 650.08800318407
93 8 680.137299099007
0 9 261.682151073276
1 9 146.442818857023
2 9 229.375140157898
3 9 493.1285203957
4 9 439.391019679015
5 9 543.993237851343
6 9 391.58739779318
7 9 149.998162277361
8 9 627.326291650211
9 9 0
10 9 593.413738198716
11 9 460.712869812131
12 9 533.212613060428
13 9 344.440893127797
14 9 380.499629546577
15 9 420.592476678815
16 9 460.887692679681
17 9 187.837049107278
18 9 376.852271207995
19 9 112.306565643182
20 9 518.193732993578
21 9 294.108041083486
22 9 444.679176292563
23 9 201.981184545601
24 9 406.866614126556
25 9 250.353494783955
26 9 206.051343645505
27 9 614.297270993919
28 9 475.309920288195
29 9 599.947735214683
30 9 590.095413202112
31 9 518.78420460728
32 9 527.122251917611
33 9 429.900164409303
34 9 256.623980054225
35 9 287.068201125571
36 9 345.94754741927
37 9 206.000060488212
38 9 626.397832901187
39 9 225.941198917475
40 9 286.465070581409
41 9 352.94455900063
42 9 448.243720469172
43 9 141.08718121546
44 9 452.020339670817
45 9 518.997886125716
46 9 420.871517402638
47 9 366.655992016497
48 9 415.13438905377
49 9 73.5312542086877
50 9 82.0500504401128
51 9 358.735303050472
52 9 155.517437684251
53 9 118.780261338122
54 9 518.8052493584
55 9 197.05513144848
56 9 138.65091188462
57 9 244.890068011132
58 9 179.664777498584
59 9 302.346492234322
60 9 274.422678613926
61 9 295.827773273738
62 9 667.820817704159
63 9 651.289879271477
64 9 645.15631249952
65 9 251.436146838212
66 9 236.468329851501
67 9 273.237356404834
68 9 161.517643721355
69 9 190.150248013328
70 9 294.096482760703
71 9 342.937781571688
72 9 295.292500128064
73 9 148.519355376111
74 9 278.233928451164
75 9 101.301799551208
76 9 182.504200516776
77 9 391.618639635794
78 9 226.948989066065
79 9 524.597328203368
80 9 523.348435298525
81 9 563.565633960529
82 9 482.734051865934
83 9 446.360767469872
84 9 340.540429411807
85 9 348.223266242683
86 9 158.375610376952
87 9 66.6194117833429
88 9 218.225310417313
89 9 144.072739699285
90 9 153.834471420463
91 9 143.320698469536
92 9 137.898493308846
93 9 172.184264045074
0 10 406.224544150616
1 10 720.283139164825
2 10 365.408643973856
3 10 325.034517341972
4 10 343.843342390197
5 10 393.246262969627
6 10 251.194158547531
7 10 743.377043060521
8 10 67.6034384847927
9 10 593.413738198716
10 10 0
11 10 133.107169367551
12 10 239.04179674615
13 10 697.873061734025
14 10 215.051306275017
15 10 334.99101307498
16 10 378.096809458131
17 10 434.954345926757
18 10 246.6692627533
19 10 510.756987293467
20 10 717.130657805235
21 10 331.448860528493
22 10 251.243621072845
23 10 554.330740004814
24 10 284.643149152122
25 10 675.987304009995
26 10 592.924048773802
27 10 762.70979569847
28 10 180.510364879973
29 10 99.5660724685788
30 10 162.650066674847
31 10 285.365786295051
32 10 102.49742373882
33 10 641.960537498884
34 10 410.430565846018
35 10 478.396796234378
36 10 350.806156859025
37 10 480.539613818456
38 10 259.120084872567
39 10 510.350435568411
40 10 324.870542628484
41 10 251.606938184326
42 10 562.915783847757
43 10 538.717887042381
44 10 177.885441337763
45 10 205.036752168478
46 10 183.46200940185
47 10 525.837479452289
48 10 723.54343196568
49 10 664.971517726217
50 10 599.368928056848
51 10 603.687819783538
52 10 695.388320907656
53 10 696.142830479848
54 10 655.438276733133
55 10 736.607665289382
56 10 456.304011967748
57 10 814.387346932714
58 10 700.874539234845
59 10 636.790893631745
60 10 815.625193280297
61 10 297.625927244408
62 10 243.560526828118
63 10 172.056019624832
64 10 59.795563177226
65 10 737.278581046959
66 10 647.020600772595
67 10 356.206378494896
68 10 580.669623012013
69 10 428.435671832989
70 10 570.893670303006
71 10 408.532394349949
72 10 452.755772214645
73 10 637.930087898577
74 10 735.221012414702
75 10 617.226358824461
76 10 638.206163747686
77 10 429.093593794127
78 10 757.776741341101
79 10 77.8179375625343
80 10 137.96000880795
81 10 316.043168419394
82 10 248.331733109943
83 10 483.192188682779
84 10 415.998337719852
85 10 320.407091747439
86 10 646.860301939421
87 10 534.547158961214
88 10 615.798096079006
89 10 603.544574381557
90 10 636.280003711187
91 10 643.624697712348
92 10 629.522423606828
93 10 661.935988063564
0 11 291.663236792195
1 11 587.328616427499
2 11 232.325189237811
3 11 283.417841022386
4 11 280.261374844389
5 11 362.858507555823
6 11 156.256185322717
7 11 610.601345414135
8 11 171.553570439099
9 11 460.712869812131
10 11 133.107169367551
11 11 0
12 11 225.497855989597
13 11 580.738587660618
14 11 82.2812455978532
15 11 247.782181743805
16 11 303.447401018794
17 11 303.465604901016
18 11 127.359626108523
19 11 381.480665329458
20 11 623.67894778998
21 11 204.310960160915
22 11 170.383112739548
23 11 435.93859360051
24 11 205.061761284015
25 11 550.574442430379
26 11 466.485355151787
27 11 681.224686279421
28 11 130.354221452097
29 11 159.181579434995
30 11 185.591553998032
31 11 240.446846039121
32 11 102.951578240736
33 11 540.937059527953
34 11 285.877211313844
35 11 361.71683504546
36 11 254.139573462612
37 11 361.212547604344
38 11 272.294069376016
39 11 386.039293777072
40 11 201.371055661449
41 11 130.295529271365
42 11 471.766617238162
43 11 407.916508746862
44 11 86.5417561639323
45 11 169.164209206595
46 11 75.1210218196628
47 11 421.659851984032
48 11 613.451516408699
49 11 532.010175233182
50 11 469.876789104145
51 11 494.303317291052
52 11 567.461560988483
53 11 565.18027197374
54 11 568.945813517304
55 11 609.541379080288
56 11 323.276913963975
57 11 681.832773183501
58 11 569.738481244791
59 11 518.331908291216
60 11 684.636084858838
61 11 164.913187197568
62 11 283.486360085116
63 11 231.836541526971
64 11 188.166750584467
65 11 615.786203037836
66 11 529.854004064725
67 11 236.692812176779
68 11 457.585749793958
69 11 301.593775870063
70 11 454.087390197979
71 11 314.659648921728
72 11 348.70435736098
73 11 507.026875945448
74 11 609.145273548015
75 11 484.87133475524
76 11 509.136186193797
77 11 333.183789295935
78 11 626.869365944281
79 11 67.6490337847158
80 11 113.819445621511
81 11 304.911718614437
82 11 206.266192784267
83 11 397.807639625232
84 11 308.15421067134
85 11 207.199591863723
86 11 521.698171114483
87 11 401.455907657
88 11 497.931111574595
89 11 472.954954993682
90 11 505.663690656893
91 11 512.374989159132
92 11 498.296891010015
93 11 531.639341629008
0 12 280.592642897735
1 12 678.059747609781
2 12 349.702976216799
3 12 93.7050676961575
4 12 133.734519133225
5 12 154.250497212158
6 12 149.215206811728
7 12 674.329357406805
8 12 306.633145781818
9 12 533.212613060428
10 12 239.04179674615
11 12 225.497855989597
12 12 0
13 12 751.175768748787
14 12 262.325972181721
15 12 466.687575182931
16 12 525.473471697631
17 12 439.863659266645
18 12 331.729160380042
19 12 425.752513040492
20 12 827.493441100534
21 12 377.937028510425
22 12 394.3428260862
23 12 416.689448668004
24 12 126.959754468146
25 12 698.69458502588
26 12 615.266704032334
27 12 893.723656520978
28 12 97.7212817748835
29 12 330.790020534486
30 12 383.643266377057
31 12 465.375199504744
32 12 145.125034316954
33 12 738.663591151234
34 12 456.233617514846
35 12 543.966651435907
36 12 196.86563669202
37 12 355.552412338631
38 12 479.962690469968
39 12 547.882195175846
40 12 254.120883051004
41 12 210.780057985744
42 12 680.878712721625
43 12 538.35087125269
44 12 311.776122693336
45 12 390.693391938743
46 12 176.913177684884
47 12 619.65435282519
48 12 796.444807308291
49 12 605.8252489033
50 12 506.061102123064
51 12 682.345484546936
52 12 585.06150073463
53 12 606.66028597092
54 12 779.566832616085
55 12 619.155420324202
56 12 420.864668235243
57 12 777.038269744966
58 12 686.489385030418
59 12 688.229228367352
60 12 797.361386581915
61 12 290.79657845153
62 12 475.83330966028
63 12 408.077120549259
64 12 240.895153249176
65 12 596.168632253039
66 12 497.405725678706
67 12 260.140858155694
68 12 457.0139872018
69 12 343.119075196023
70 12 630.662596252763
71 12 233.349060946775
72 12 290.646925064197
73 12 629.311612095692
74 12 752.101968664533
75 12 594.020544087351
76 12 643.149225984251
77 12 543.054102882704
78 12 742.696574956477
79 12 251.284577716076
80 12 326.468775611613
81 12 80.8573829163971
82 12 50.5220224371147
83 12 612.791672072177
84 12 507.550371969729
85 12 408.357051113861
86 12 526.203093618687
87 12 493.166416980449
88 12 470.720083287688
89 12 599.845419031309
90 12 630.193465247913
91 12 631.486256656089
92 12 618.523901920728
93 12 656.854283499651
0 13 543.566293087401
1 13 285.110016886109
2 13 405.051926337937
3 13 747.851854210714
4 13 703.864979789421
5 13 817.159741289408
6 13 604.111135085535
7 13 366.653089835589
8 13 698.461813578795
9 13 344.440893127797
10 13 697.873061734025
11 13 580.738587660618
12 13 751.175768748787
13 13 0
14 13 507.167245690917
15 13 381.840958210867
16 13 372.231959267993
17 13 315.269777863019
18 13 454.315506491611
19 13 426.776309027735
20 13 195.605393422902
21 13 380.489112590377
22 13 457.461824184913
23 13 539.739527022423
24 13 643.436770697602
25 13 98.7614952708534
26 13 149.930214848789
27 13 291.988799859124
28 13 663.849975513878
29 13 652.801971248308
30 13 609.665186855606
31 13 477.88263324581
32 13 679.324683715879
33 13 139.22221290485
34 13 298.336743100039
35 13 219.700787996689
36 13 610.084784876613
37 13 519.891195818094
38 13 590.523010972701
39 13 203.314538175074
40 13 508.791783337752
41 13 540.401805231945
42 13 220.17727547029
43 13 236.062548689757
44 13 520.163295324043
45 13 529.25801709058
46 13 585.99312421615
47 13 192.010123999569
48 13 72.4147979084201
49 13 331.242321423951
50 13 426.425009482413
51 13 111.707981608744
52 13 476.857188997263
53 13 417.54559913267
54 13 229.736912625414
55 13 507.06744997507
56 13 359.504478166232
57 13 296.357830566094
58 13 203.430656814318
59 13 63.1588505201973
60 13 243.516041343326
61 13 460.398278949759
62 13 644.154745043638
63 13 666.32657655411
64 13 757.638480348798
65 13 578.841759988402
66 13 580.472850854843
67 13 521.418039943963
68 13 504.278684989643
69 13 463.323043991147
70 13 127.047583817051
71 13 633.338166936205
72 13 602.096806622837
73 13 198.704571292789
74 13 114.453144647285
75 13 244.079913987287
76 13 162.655306582633
77 13 290.920128093512
78 13 212.734569856068
79 13 620.224924197782
80 13 574.537746979201
81 13 807.946463318324
82 13 706.373771734787
83 13 281.695836304287
84 13 284.959252262138
85 13 377.534553421445
86 13 499.099094904075
87 13 323.065162980791
88 13 562.568062819007
89 13 201.384108099498
90 13 192.579601653224
91 13 206.274197467385
92 13 208.028477741213
93 13 181.7977343649
0 14 238.568633258056
1 14 505.231912874189
2 14 151.264648578247
3 14 296.22074586879
4 14 277.277961326386
5 14 376.881206593443
6 14 144.435140634524
7 14 530.082668185654
8 14 247.330169758401
9 14 380.499629546577
10 14 215.051306275017
11 14 82.2812455978532
12 14 262.325972181721
13 14 507.167245690917
14 14 0
15 14 209.233643207312
16 14 270.639902522498
17 14 221.4761559727
18 14 70.7226296694824
19 14 307.135739913097
20 14 566.278716957827
21 14 126.934037602724
22 14 150.788125736146
23 14 374.072790721521
24 14 198.331705036954
25 14 471.6526715761
26 14 387.164387491115
27 14 631.407877988417
28 14 165.908588892632
29 14 224.907532877828
30 14 232.376794594479
31 14 237.540539248191
32 14 172.583561901366
33 14 479.19519566502
34 14 209.377505486234
35 14 290.718144496397
36 14 223.956489982975
37 14 299.868788345261
38 14 302.063788573676
39 14 308.628871254628
40 14 141.724360503829
41 14 87.004034835868
42 14 418.584981346064
43 14 326.142831006886
44 14 93.4620952411394
45 14 186.641652724606
46 14 85.4811560792063
47 14 359.586945457049
48 14 544.519326786012
49 14 451.088447574642
50 14 394.626153040647
51 14 427.026579301623
52 14 493.692911292803
53 14 487.607045195373
54 14 517.24790164009
55 14 536.58035235073
56 14 242.338276130894
57 14 599.562844252539
58 14 487.735242496558
59 14 444.227173383331
60 14 602.653103913365
61 14 86.4530297203635
62 14 326.07831039674
63 14 288.094478176219
64 14 270.418026332464
65 14 548.712013942117
66 14 467.924939759149
67 14 180.452573569549
68 14 390.205962344438
69 14 231.953855534266
70 14 381.723567918668
71 14 282.360703711794
72 14 304.443515736151
73 14 425.13786845913
74 14 529.687142224846
75 14 402.591257773365
76 14 428.134957178499
77 14 280.780964077895
78 14 544.930919767783
79 14 144.099243200436
80 14 157.745249061069
81 14 334.780631252961
82 14 228.792271805116
83 14 351.251262763637
84 14 246.380273576772
85 14 146.161215066618
86 14 451.36892423333
87 14 320.087166025472
88 14 435.684916139607
89 14 391.223470028618
90 14 423.897041819455
91 14 430.350616359438
92 14 416.286664988478
93 14 449.998438711211
0 15 403.739346655257
1 15 496.976970751984
2 15 244.804446275934
3 15 505.415276285843
4 15 483.921021240276
5 15 586.003808163548
6 15 352.208991892178
7 15 550.455313230348
8 15 322.491649511749
9 15 420.592476678815
10 15 334.99101307498
11 15 247.782181743805
12 15 466.687575182931
13 15 381.840958210867
14 15 209.233643207312
15 15 0
16 15 62.3803936488726
17 15 234.718045724129
18 15 138.785069217034
19 15 400.81075775504
20 15 382.421519623995
21 15 152.013464340318
22 15 83.7931789522325
23 15 504.407745462182
24 15 405.609590445146
25 15 386.973791185657
26 15 316.170153957383
27 15 434.098166148337
28 15 368.966400339879
29 15 274.178367127696
30 15 227.840310692103
31 15 105.199669247561
32 15 349.537155896436
33 15 308.043693836236
34 15 164.22104285067
35 15 177.877726122128
36 15 418.08062395427
37 15 439.781143727808
38 15 221.111263958391
39 15 234.360100310214
40 15 313.762120683033
41 15 288.438820374484
42 15 228.355050318429
43 15 302.295361303603
44 15 165.091550063914
45 15 147.789051940265
46 15 291.571234347055
47 15 195.905249663597
48 15 395.581096966486
49 15 473.371345108734
50 15 471.02252617464
51 15 277.433056856303
52 15 568.481628987998
53 15 539.368834973897
54 15 323.168283916114
55 15 612.325296173287
56 15 302.025559756424
57 15 572.977485209978
58 15 447.597008826063
59 15 326.494497649817
60 15 553.196587434626
61 15 234.687284129467
62 15 271.438764564251
63 15 284.979314780539
64 15 393.632375277489
65 15 648.986970911548
66 15 590.402034862215
67 15 349.621037452646
68 15 501.796371513565
69 15 359.119498004583
70 15 260.43811702578
71 15 470.597934903926
72 15 476.619191081781
73 15 388.264314152518
74 15 445.680824842168
75 15 389.599550505193
76 15 372.895077139062
77 15 95.4755640541649
78 15 497.964814833584
79 15 261.926129022325
80 15 200.449388815914
81 15 542.190888331476
82 15 437.028607500601
83 15 150.789708879548
84 15 102.583465793534
85 15 86.7371060648162
86 15 545.853277227754
87 15 354.568888966629
88 15 559.608387055133
89 15 354.837806663484
90 15 383.940162296557
91 15 397.074943418511
92 15 384.292393323853
93 15 404.03779730221
0 16 464.032278981783
1 16 522.919584155477
2 16 301.966932040473
3 16 566.829711720586
4 16 546.11317971541
5 16 647.518685708877
6 16 414.168922216995
7 16 582.44984255232
8 16 356.377555544083
9 16 460.887692679681
10 16 378.096809458131
11 16 303.447401018794
12 16 525.473471697631
13 16 372.231959267993
14 16 270.639902522498
15 16 62.3803936488726
16 16 0
17 16 280.32608896734
18 16 200.580089543678
19 16 451.929864323027
20 16 342.754338408918
21 16 210.039921065127
22 16 133.622547339782
23 16 559.351069375678
24 16 467.686016754808
25 16 393.289275195453
26 16 331.556585849129
27 16 384.764447398307
28 16 427.852394544554
29 16 305.82712916492
30 16 250.7146018708
31 16 108.950361869776
32 16 403.302254253035
33 16 278.666553941528
34 16 206.131814544749
35 16 193.075652880754
36 16 480.316914126114
37 16 496.885242308088
38 16 218.33690265624
39 16 256.252118628357
40 16 375.352873483393
41 16 350.742256518288
42 16 189.884904672198
43 16 333.201449933014
44 16 218.085904529076
45 16 177.545152723046
46 16 351.731241931158
47 16 180.268198397894
48 16 374.545383237518
49 16 507.868574652816
50 16 517.305401524686
51 16 262.161529937291
52 16 612.511378684349
53 16 579.016388521087
54 16 277.965351223593
55 16 655.863558941751
56 16 351.278888674035
57 16 591.70971921969
58 16 466.046469806952
59 16 323.132314791245
60 16 565.469626471432
61 16 296.325837489373
62 16 272.151205555676
63 16 301.16490704489
64 16 434.919621057267
65 16 697.020525236374
66 16 643.11732513238
67 16 410.712384282576
68 16 553.803489638436
69 16 416.026678445179
70 16 260.622758184816
71 16 532.432837193644
72 16 537.087039154283
73 16 410.252895593691
74 16 449.713733696033
75 16 418.285704953395
76 16 389.996102031056
77 16 85.0927514886233
78 16 512.578890654053
79 16 309.297909740367
80 16 240.355124568454
81 16 601.979747530828
82 16 497.395931146778
83 16 107.939672509723
84 16 122.785534527999
85 16 146.233468054303
86 16 594.136466383955
87 16 396.333304568274
88 16 612.896338816132
89 16 378.745043847316
90 16 405.220183120553
91 16 419.704636686484
92 16 407.913082077197
93 16 422.520161042554
0 17 239.572900297011
1 17 289.435627243574
2 17 90.4428207760503
3 17 432.586747416476
4 17 389.348555810006
5 17 502.734990394923
6 17 291.132915888381
7 17 327.486668486031
8 17 458.132854228243
9 17 187.837049107278
10 17 434.954345926757
11 17 303.465604901016
12 17 439.863659266645
13 17 315.269777863019
14 17 221.4761559727
15 17 234.718045724129
16 17 280.32608896734
17 17 0
18 17 198.203015016027
19 17 175.386774332003
20 17 431.581913915768
21 17 110.737781505833
22 17 257.831775592292
23 17 290.565153319526
24 17 328.349585385487
25 17 259.329139885199
26 17 175.436119410254
27 17 517.524625072259
28 17 358.493093169934
29 17 424.804053808538
30 17 407.669606999539
31 17 331.053845050055
32 17 389.123829968837
33 17 336.736423713782
34 17 74.9396742664949
35 17 143.104554978326
36 17 297.015220053748
37 17 240.801778840523
38 17 438.895208679355
39 17 115.295009993176
40 17 193.52476947316
41 17 230.833224233438
42 17 317.422580952546
43 17 104.893970577575
44 17 275.272621801278
45 17 333.592653637574
46 17 286.238189447118
47 17 235.455466143862
48 17 368.888855021419
49 17 247.854898793854
50 17 237.127539844104
51 17 268.241723391717
52 17 333.793625873726
53 17 306.263089723983
54 17 407.25161692627
55 17 377.609585240114
56 17 74.0282079547465
57 17 380.450108339601
58 17 266.27841715856
59 17 253.675197555891
60 17 381.187758383524
61 17 152.943422083352
62 17 481.39845192444
63 17 469.404662804263
64 17 491.541291938918
65 17 416.711417429521
66 17 367.198768707347
67 17 208.339416619376
68 17 277.411329037543
69 17 166.049066302238
70 17 205.523846852257
71 17 327.232818313835
72 17 307.091834383569
73 17 203.676682371491
74 17 314.529757498968
75 17 183.219178578845
76 17 208.677580117632
77 17 222.679992846095
78 17 323.454854855448
79 17 360.1919940592
80 17 345.313857253297
81 17 493.247578615661
82 17 393.349159648322
83 17 289.336076351914
84 17 167.97471200315
85 17 160.446770797348
86 17 313.913382444259
87 17 121.229228486991
88 17 338.449199487174
89 17 169.955332707427
90 17 202.549934193543
91 17 208.909472878568
92 17 194.833259225226
93 17 228.82180165831
0 18 284.67361756397
1 18 487.617276490826
2 18 155.214933950129
3 18 366.675216363795
4 18 345.795987604921
5 18 447.228506754568
6 18 213.597824852933
7 18 522.809327338401
8 18 261.465105439008
9 18 376.852271207995
10 18 246.6692627533
11 18 127.359626108523
12 18 331.729160380042
13 18 454.315506491611
14 18 70.7226296694824
15 18 138.785069217034
16 18 200.580089543678
17 18 198.203015016027
18 18 0
19 18 322.299151171125
20 18 499.874154767678
21 18 88.237815856452
22 18 90.4984346165313
23 18 406.696837186587
24 18 267.190383479829
25 18 429.348271433905
26 18 346.572374128528
27 18 562.388335661173
28 18 234.491622147856
29 18 226.606354934415
30 18 213.58011624341
31 18 180.115129405209
32 18 229.063779664575
33 18 415.014676210209
34 18 163.903505597347
35 18 234.83244933297
36 18 285.082407665512
37 18 335.241002418414
38 18 263.533241158124
39 18 263.684639054558
40 18 188.629815752461
41 18 151.267532504267
42 18 350.249224523088
43 18 297.629804356466
44 18 77.1003135427187
45 18 148.312150993167
46 18 154.989171985048
47 18 295.41347705713
48 18 486.0919980325
49 18 442.886854008048
50 18 405.363049967067
51 18 366.997429526704
52 18 505.81579924756
53 18 490.926798174006
54 18 448.618495301711
55 18 549.716471029843
56 18 239.768805590424
57 18 577.4407376628
58 18 459.298025313534
59 18 392.287341158499
60 18 573.227620267624
61 18 113.556866384739
62 18 297.161284500934
63 18 274.493319486825
64 18 305.840163700308
65 18 571.486103628771
66 18 498.648350568707
67 18 227.128043078119
68 18 415.15895348149
69 18 259.163893206247
70 18 327.407656241784
71 18 340.817630875438
72 18 355.1120133385
73 18 396.188346785864
74 18 488.653057136909
75 18 380.789844644615
76 18 393.518737082394
77 18 211.75148161282
78 18 515.417338036766
79 18 169.097265473384
80 18 147.397474137247
81 18 405.230798037789
82 18 299.406285669411
83 18 281.118842395738
84 18 181.661466979946
85 18 80.2663521347205
86 18 470.479382981228
87 18 312.000856792179
88 18 466.570111592935
89 18 361.363700499726
90 18 393.929534095272
91 18 402.703781259076
92 18 388.644597751399
93 18 418.841910396019
0 19 149.896068354218
1 19 258.457275416006
2 19 167.298160273466
3 19 381.505228636781
4 19 327.404574162625
5 19 431.728909575241
6 19 289.494141362487
7 19 248.731290375023
8 19 552.542516056197
9 19 112.306565643182
10 19 510.756987293467
11 19 381.480665329458
12 19 425.752513040492
13 19 426.776309027735
14 19 307.135739913097
15 19 400.81075775504
16 19 451.929864323027
17 19 175.386774332003
18 19 322.299151171125
19 19 0
20 19 580.859840599742
21 19 254.038994114514
